{
  "advancedEditorSelectedIdentifier" : "ProjectBrowser",
  "openSceneRelativePaths" : [
    "Planet.usda",
    "Invader.usda",
    "sun.usda"
  ],
  "recentIdentifiers" : {
    "5C24B669-E16C-41CC-AEBE-F644D656084F" : [

    ],
    "38A8933D-3A89-43C8-A612-FE7E6884624A" : [

    ],
    "179A51F3-3257-4F81-91DB-260C87555B15" : [

    ]
  },
  "sceneCameraHistory" : {
    "0F8FAA69-C1DC-4FC3-A616-311E0CFECFC2" : [
      {
        "date" : 724506808.645702,
        "title" : "Untitled",
        "transform" : [
          1,
          0,
          0,
          0,
          0,
          0.8660254,
          -0.5,
          0,
          0,
          0.5,
          0.8660254,
          0,
          0,
          0.26962715,
          0.4670082,
          1
        ]
      },
      {
        "date" : 724504131.001814,
        "title" : "Untitled",
        "transform" : [
          1,
          0,
          0,
          0,
          0,
          0.8660254,
          -0.5,
          0,
          0,
          0.5,
          0.8660254,
          0,
          0,
          0.12502268,
          0.21654573,
          1
        ]
      },
      {
        "date" : 724502931.759386,
        "title" : "Untitled",
        "transform" : [
          1,
          0,
          -0,
          0,
          -0,
          0.8660254,
          -0.5,
          0,
          0,
          0.5,
          0.8660254,
          0,
          0,
          0.19373767,
          0.3355635,
          1
        ]
      }
    ],
    "5C24B669-E16C-41CC-AEBE-F644D656084F" : [
      {
        "date" : 724508521.010602,
        "title" : "Untitled",
        "transform" : [
          0.9956027,
          -5.649938e-11,
          -0.09367698,
          0,
          -0.030188287,
          0.94665134,
          -0.3208424,
          0,
          0.08867943,
          0.32225934,
          0.9424887,
          0,
          1.181293,
          2.4728847,
          2.2269938,
          1
        ]
      },
      {
        "date" : 724508518.592874,
        "title" : "Untitled",
        "transform" : [
          0.9956027,
          -5.649938e-11,
          -0.09367698,
          0,
          -0.030188287,
          0.94665134,
          -0.3208424,
          0,
          0.08867943,
          0.32225934,
          0.9424887,
          0,
          1.2537674,
          2.5318415,
          3.1280415,
          1
        ]
      },
      {
        "date" : 724508438.235174,
        "title" : "Untitled",
        "transform" : [
          0.9956027,
          -5.649938e-11,
          -0.09367698,
          0,
          -0.03018829,
          0.94665146,
          -0.32084242,
          0,
          0.08867943,
          0.32225934,
          0.9424887,
          0,
          0.48693824,
          1.9403232,
          2.2072368,
          1
        ]
      },
      {
        "date" : 724508349.24581,
        "title" : "Untitled",
        "transform" : [
          0.9999215,
          -2.4221371e-11,
          0.0125366235,
          0,
          0.004099698,
          0.94501823,
          -0.32699206,
          0,
          -0.011847337,
          0.32701764,
          0.94494396,
          0,
          -0.2586751,
          1.9748005,
          1.8013954,
          1
        ]
      },
      {
        "date" : 724508345.31353,
        "title" : "Untitled",
        "transform" : [
          0.9999999,
          2.6772801e-11,
          -0.00063051324,
          0,
          -0.00023837651,
          0.92577815,
          -0.37806728,
          0,
          0.00058371533,
          0.37806726,
          0.9257779,
          0,
          -0.16884312,
          2.3479486,
          1.8349059,
          1
        ]
      },
      {
        "date" : 724508339.427884,
        "title" : "Untitled",
        "transform" : [
          0.9999999,
          2.6772801e-11,
          -0.00063051324,
          0,
          -0.00023837651,
          0.92577815,
          -0.37806728,
          0,
          0.0005837154,
          0.3780673,
          0.92577803,
          0,
          0.001509663,
          0.9777957,
          2.3943396,
          1
        ]
      },
      {
        "date" : 724508333.428524,
        "title" : "Untitled",
        "transform" : [
          0.9998461,
          -1.0509302e-11,
          0.017546387,
          0,
          0.00094207877,
          0.9985576,
          -0.053682487,
          0,
          -0.01752108,
          0.053690754,
          0.9984039,
          0,
          3,
          2,
          -5,
          1
        ]
      },
      {
        "date" : 724508150.04233,
        "title" : "Untitled",
        "transform" : [
          0.9998461,
          -1.0509302e-11,
          0.017546387,
          0,
          0.00094207877,
          0.9985576,
          -0.053682487,
          0,
          -0.01752108,
          0.053690754,
          0.9984039,
          0,
          -0.7433673,
          1.6662116,
          -1.3334421,
          1
        ]
      },
      {
        "date" : 724508145.802693,
        "title" : "Untitled",
        "transform" : [
          0.9998461,
          -1.0509302e-11,
          0.017546387,
          0,
          0.00094207877,
          0.9985576,
          -0.053682487,
          0,
          -0.01752108,
          0.053690754,
          0.9984039,
          0,
          -0.7855317,
          1.753916,
          -1.9687996,
          1
        ]
      },
      {
        "date" : 724508076.785306,
        "title" : "Untitled",
        "transform" : [
          0.9998461,
          -1.0509302e-11,
          0.017546387,
          0,
          0.00094207877,
          0.9985576,
          -0.053682487,
          0,
          -0.01752108,
          0.053690754,
          0.9984039,
          0,
          -0.7855317,
          1.753916,
          -1.9687996,
          1
        ]
      }
    ],
    "38A8933D-3A89-43C8-A612-FE7E6884624A" : [
      {
        "date" : 724506837.37175,
        "title" : "Untitled",
        "transform" : [
          1,
          0,
          0,
          0,
          0,
          0.8660254,
          -0.5,
          0,
          0,
          0.5,
          0.8660254,
          0,
          -0.020466324,
          0.30838597,
          0.6254431,
          1
        ]
      },
      {
        "date" : 724506831.621702,
        "title" : "Untitled",
        "transform" : [
          1,
          0,
          0,
          0,
          0,
          0.8660254,
          -0.5,
          0,
          0,
          0.5,
          0.8660254,
          0,
          3.3310005e-08,
          0.13386182,
          0.27641025,
          1
        ]
      },
      {
        "date" : 724506829.211055,
        "title" : "Untitled",
        "transform" : [
          1,
          0,
          -0,
          0,
          -0,
          0.8660254,
          -0.5,
          0,
          0,
          0.5,
          0.8660254,
          0,
          1.4901161e-08,
          0.05988279,
          0.123651534,
          1
        ]
      },
      {
        "date" : 724486818.654289,
        "title" : "Untitled",
        "transform" : [
          1,
          0,
          0,
          0,
          0,
          0.8660254,
          -0.5,
          0,
          0,
          0.5,
          0.8660254,
          0,
          0,
          0.3212035,
          0.5563408,
          1
        ]
      },
      {
        "date" : 724486657.315823,
        "title" : "Untitled",
        "transform" : [
          1,
          0,
          -0,
          0,
          -0,
          0.8660254,
          -0.5,
          0,
          0,
          0.5,
          0.8660254,
          0,
          0,
          0.19373767,
          0.3355635,
          1
        ]
      }
    ],
    "179A51F3-3257-4F81-91DB-260C87555B15" : [
      {
        "date" : 724486452.479916,
        "title" : "Untitled",
        "transform" : [
          0.99124223,
          -4.6141996e-10,
          0.13205652,
          0,
          -0.0014362095,
          0.9999408,
          0.010780491,
          0,
          -0.1320487,
          -0.010875714,
          0.99118364,
          0,
          0.13446434,
          0.25906146,
          0.83917874,
          1
        ]
      },
      {
        "date" : 724485411.74067,
        "title" : "Untitled",
        "transform" : [
          0.99124223,
          -4.6141996e-10,
          0.13205652,
          0,
          -0.0014362095,
          0.9999408,
          0.010780491,
          0,
          -0.1320487,
          -0.010875714,
          0.99118364,
          0,
          0.08976719,
          0.17294711,
          0.5602283,
          1
        ]
      },
      {
        "date" : 724485379.797325,
        "title" : "Untitled",
        "transform" : [
          0.9804634,
          -9.544723e-10,
          0.19670208,
          0,
          0.04377605,
          0.9749212,
          -0.21820213,
          0,
          -0.19176902,
          0.22255005,
          0.9558745,
          0,
          0.063754916,
          0.2948852,
          0.5106884,
          1
        ]
      },
      {
        "date" : 724485362.817032,
        "title" : "Untitled",
        "transform" : [
          0.99999994,
          0,
          0,
          0,
          0,
          0.8660254,
          -0.49999988,
          0,
          0,
          0.49999988,
          0.8660254,
          0,
          0.14171118,
          0.37015375,
          0.33007658,
          1
        ]
      },
      {
        "date" : 724485255.495862,
        "title" : "Untitled",
        "transform" : [
          0.99999994,
          0,
          0,
          0,
          0,
          0.8660254,
          -0.49999988,
          0,
          0,
          0.49999988,
          0.8660254,
          0,
          0.090812705,
          0.21183832,
          0.19288951,
          1
        ]
      },
      {
        "date" : 724485248.366237,
        "title" : "Untitled",
        "transform" : [
          0.99999994,
          0,
          -0,
          0,
          -0,
          0.8660254,
          -0.49999988,
          0,
          0,
          0.49999988,
          0.8660254,
          0,
          0.00052504503,
          0.023421694,
          0.027544064,
          1
        ]
      },
      {
        "date" : 724485246.120778,
        "title" : "Untitled",
        "transform" : [
          0.99999994,
          0,
          0,
          0,
          0,
          0.8660254,
          -0.49999988,
          0,
          0,
          0.49999988,
          0.8660254,
          0,
          0.044501673,
          0.01882087,
          0.119209796,
          1
        ]
      },
      {
        "date" : 724485233.468496,
        "title" : "Untitled",
        "transform" : [
          0.99999994,
          0,
          0,
          0,
          0,
          0.8660254,
          -0.49999988,
          0,
          0,
          0.49999988,
          0.8660254,
          0,
          0.013630146,
          0.0057645296,
          0.036512032,
          1
        ]
      },
      {
        "date" : 724485230.301584,
        "title" : "Untitled",
        "transform" : [
          0.99999994,
          0,
          0,
          0,
          0,
          0.8660254,
          -0.49999988,
          0,
          0,
          0.49999988,
          0.8660254,
          0,
          0.013572704,
          0.0057402356,
          0.03635816,
          1
        ]
      },
      {
        "date" : 724485226.783857,
        "title" : "Untitled",
        "transform" : [
          0.99999994,
          0,
          0,
          0,
          0,
          0.8660254,
          -0.49999988,
          0,
          0,
          0.49999988,
          0.8660254,
          0,
          2.213158e-07,
          0.0046325093,
          0.009565868,
          1
        ]
      }
    ],
    "BD62649A-C499-4354-81BC-C8EA910E7FE0" : [
      {
        "date" : 724486478.748628,
        "title" : "Untitled",
        "transform" : [
          1,
          0,
          -0,
          0,
          -0,
          0.8660254,
          -0.5,
          0,
          0,
          0.5,
          0.8660254,
          0,
          0,
          0.19373767,
          0.3355635,
          1
        ]
      }
    ],
    "E4F4B464-9778-4608-9A40-94262FA080A1" : [
      {
        "date" : 724484969.602255,
        "title" : "Untitled",
        "transform" : [
          1,
          0,
          -0,
          0,
          -0,
          0.8660254,
          -0.5,
          0,
          0,
          0.5,
          0.8660254,
          0,
          0,
          0.19373767,
          0.3355635,
          1
        ]
      }
    ],
    "FA31A6FA-02AF-4DB4-9085-74A23738897F" : [
      {
        "date" : 724485678.016889,
        "title" : "Untitled",
        "transform" : [
          1,
          0,
          -0,
          0,
          -0,
          0.8660254,
          -0.5,
          0,
          0,
          0.5,
          0.8660254,
          0,
          0,
          0.19373767,
          0.3355635,
          1
        ]
      }
    ]
  },
  "selectedSceneRelativePath" : "Planet.usda"
}